{
  "cycle_node_order": [
    "DEPOT",
    "P2_W4",
    "P2_W3",
    "P2_W2",
    "C3_W0",
    "C3_W3",
    "C3_W2",
    "C3_W1",
    "P1_W4",
    "P1_W3",
    "C1_W0",
    "C1_W3",
    "C1_W2",
    "C1_W1",
    "P1_W2",
    "P1_W1",
    "P1_W0",
    "P1_W5",
    "C2_W2",
    "C2_W1",
    "C2_W0",
    "C2_W3",
    "P2_W1",
    "P2_W0",
    "P2_W5",
    "DEPOT"
  ],
  "distance_matrix": [
    [
      0.0,
      251.55715056424057,
      294.6879705722648,
      305.026228380446,
      263.592488512097,
      199.15070135573558,
      223.7319825147938,
      230.58837383857545,
      214.2218433062292,
      188.403821617291,
      179.94721962420363,
      141.2834031300209,
      190.68560512005095,
      172.62966141425406,
      115.76268828944843,
      120.81390648431164,
      168.15469068687915,
      190.25246384738358,
      150.05332385522155,
      59.70204309871195,
      82.80096617793781,
      89.82018731799405,
      77.38001066063211,
      51.92301994298868,
      38.52705478180834
    ],
    [
      251.55715056424057,
      0.0,
      43.840620433565945,
      62.0,
      43.84062043356595,
      82.54675001967465,
      64.47480127925948,
      38.730273187641494,
      38.73027318764151,
      64.47480127925948,
      82.54675001967465,
      190.0,
      154.53802121160993,
      108.0,
      154.53802121160993,
      137.93114224133723,
      87.04596486914255,
      102.61091559868278,
      148.24641648282767,
      201.28909070908375,
      175.37673733993344,
      161.85395256684424,
      177.19114526835213,
      202.87188075236054,
      213.81603784208923
    ],
    [
      294.6879705722648,
      43.840620433565945,
      0.0,
      43.840620433565945,
      62.0,
      113.94735139401517,
      90.13878188659973,
      69.84268830943455,
      80.56054313551286,
      106.53168542738823,
      120.8139018892742,
      223.16361710637332,
      180.27756377319946,
      142.414886862294,
      193.86593305684215,
      181.76083186429358,
      130.86252328302402,
      141.69333082400175,
      189.70766985021982,
      243.07885755324395,
      217.0829334609241,
      204.87720471201706,
      220.87704500606156,
      246.4731222669117,
      256.7086500088967
    ],
    [
      305.026228380446,
      62.0,
      43.840620433565945,
      0.0,
      43.84062043356594,
      144.10423949562235,
      123.76186811776881,
      99.33764724105515,
      99.33764724105517,
      123.76186811776881,
      144.10423949562235,
      252.0,
      214.94650497274898,
      170.0,
      214.94650497274898,
      186.14241859393576,
      136.88316185711082,
      131.24404748406687,
      182.03571078225283,
      258.59111342095804,
      233.0600780914655,
      216.71325769253073,
      228.3957881829462,
      254.3953615929347,
      268.4573782563831
    ],
    [
      263.592488512097,
      43.84062043356595,
      62.0,
      43.84062043356594,
      0.0,
      120.81390188927419,
      106.53168542738823,
      80.56054313551286,
      69.84268830943456,
      90.13878188659973,
      113.94735139401517,
      223.16361710637332,
      193.86593305684215,
      142.414886862294,
      180.27756377319946,
      143.65583872575453,
      95.85927185202274,
      87.61849119906141,
      138.2931668593933,
      219.77108770124943,
      194.80503073586164,
      176.59747736196502,
      186.47967452408787,
      212.42645786248002,
      227.78790790862942
    ],
    [
      199.15070135573558,
      82.54675001967465,
      113.94735139401517,
      144.10423949562235,
      120.81390188927419,
      0.0,
      25.999999999999993,
      45.033320996790806,
      51.999999999999986,
      45.033320996790806,
      26.000000000000014,
      109.25948448267732,
      73.06162542873535,
      29.50198757977589,
      86.429168168442,
      113.80158366259906,
      80.22468448052632,
      127.25250314192043,
      150.69173832695674,
      141.42135623730954,
      116.501793549803,
      114.11106782710361,
      137.46758090779747,
      159.1372611939797,
      160.86018774078315
    ],
    [
      223.7319825147938,
      64.47480127925948,
      90.13878188659973,
      123.76186811776881,
      106.53168542738823,
      25.999999999999993,
      0.0,
      26.000000000000004,
      45.033320996790806,
      52.0,
      45.03332099679082,
      133.55523202031435,
      91.2414379544733,
      55.47071299343465,
      112.2007130102122,
      131.04197800704932,
      90.0,
      131.04197800704932,
      162.0,
      166.67132956714266,
      141.4213562373095,
      137.01338584357705,
      159.1372611939797,
      181.94504664870655,
      185.2871611841443
    ],
    [
      230.58837383857545,
      38.730273187641494,
      69.84268830943455,
      99.33764724105515,
      80.56054313551286,
      45.033320996790806,
      26.000000000000004,
      0.0,
      26.0,
      45.03332099679081,
      52.00000000000001,
      154.06610610572204,
      115.94825953722278,
      72.68860109290006,
      124.80384164644602,
      127.25250314192043,
      80.22468448052632,
      113.80158366259904,
      150.69173832695674,
      176.16658082439523,
      150.26420764666176,
      141.4213562373095,
      160.86018774078315,
      185.28716118414434,
      192.12148291994356
    ],
    [
      214.2218433062292,
      38.73027318764151,
      80.56054313551286,
      99.33764724105517,
      69.84268830943456,
      51.999999999999986,
      45.033320996790806,
      26.0,
      0.0,
      25.999999999999993,
      45.03332099679079,
      154.066106105722,
      124.803841646446,
      72.68860109290004,
      115.94825953722277,
      104.84845995952668,
      55.749439459065414,
      88.03863040799494,
      125.04399225872469,
      162.82095749429237,
      136.86245686702793,
      124.4025723206719,
      141.4213562373095,
      166.67132956714264,
      176.16658082439517
    ],
    [
      188.403821617291,
      64.47480127925948,
      106.53168542738823,
      123.76186811776881,
      90.13878188659973,
      45.033320996790806,
      52.0,
      45.03332099679081,
      25.999999999999993,
      0.0,
      25.999999999999986,
      133.55523202031435,
      112.2007130102122,
      55.47071299343465,
      91.2414379544733,
      82.29216244576394,
      38.0,
      82.29216244576394,
      110.0,
      136.86245686702796,
      110.92339699089638,
      98.61373078999151,
      116.501793549803,
      141.4213562373095,
      150.26420764666173
    ],
    [
      179.94721962420363,
      82.54675001967465,
      120.8139018892742,
      144.10423949562235,
      113.94735139401517,
      26.000000000000014,
      45.03332099679082,
      52.00000000000001,
      45.03332099679079,
      25.999999999999986,
      0.0,
      109.25948448267732,
      86.42916816844202,
      29.501987579775896,
      73.06162542873535,
      88.03863040799493,
      55.7494394590654,
      104.84845995952665,
      125.04399225872467,
      124.40257232067191,
      98.61373078999151,
      92.18099479091033,
      114.1110678271036,
      137.01338584357703,
      141.42135623730948
    ],
    [
      141.2834031300209,
      190.0,
      223.16361710637332,
      252.0,
      223.16361710637332,
      109.25948448267732,
      133.55523202031435,
      154.06610610572204,
      154.066106105722,
      133.55523202031435,
      109.25948448267732,
      0.0,
      57.982756057296896,
      82.0,
      57.982756057296896,
      137.93114224133723,
      145.79780519610026,
      194.65096968677037,
      188.83061192507955,
      87.41262522713458,
      80.23091673413684,
      102.14221923818042,
      125.03212767485209,
      129.75746606650424,
      113.31799084478814
    ],
    [
      190.68560512005095,
      154.53802121160993,
      180.27756377319946,
      214.94650497274898,
      193.86593305684215,
      73.06162542873535,
      91.2414379544733,
      115.94825953722278,
      124.803841646446,
      112.2007130102122,
      86.42916816844202,
      57.982756057296896,
      0.0,
      57.982756057296896,
      82.0,
      150.98675438593943,
      138.2931668593933,
      189.0952141118331,
      198.56736892047493,
      132.0656397779828,
      115.43396380615195,
      128.610523636412,
      154.50782112900333,
      167.29913329123974,
      157.39546756488227
    ],
    [
      172.62966141425406,
      108.0,
      142.414886862294,
      170.0,
      142.414886862294,
      29.50198757977589,
      55.47071299343465,
      72.68860109290006,
      72.68860109290004,
      55.47071299343465,
      29.501987579775896,
      82.0,
      57.982756057296896,
      0.0,
      57.982756057296896,
      100.84145972763385,
      80.60397012554654,
      131.24404748406687,
      144.55794685869054,
      113.90214822748662,
      89.87213138676528,
      91.54398193853963,
      116.53454693421891,
      135.9301291105103,
      134.80986377426663
    ],
    [
      115.76268828944843,
      154.53802121160993,
      193.86593305684215,
      214.94650497274898,
      180.27756377319946,
      86.429168168442,
      112.2007130102122,
      124.80384164644602,
      115.94825953722277,
      91.2414379544733,
      73.06162542873535,
      57.982756057296896,
      82.0,
      57.982756057296896,
      0.0,
      79.98124780221924,
      92.89241088485109,
      139.12943613772032,
      130.86252328302402,
      56.33234603642839,
      34.48187929913333,
      47.672495110200515,
      73.07986583206137,
      85.58621384311844,
      79.00210889569915
    ],
    [
      120.81390648431164,
      137.93114224133723,
      181.76083186429358,
      186.14241859393576,
      143.65583872575453,
      113.80158366259906,
      131.04197800704932,
      127.25250314192043,
      104.84845995952668,
      82.29216244576394,
      88.03863040799493,
      137.93114224133723,
      150.98675438593943,
      100.84145972763385,
      79.98124780221924,
      0.0,
      50.91168824543142,
      72.0,
      50.91168824543142,
      87.48789941354528,
      69.07966415668217,
      43.472605813378486,
      43.472605813378486,
      69.07966415668217,
      87.48789941354522
    ],
    [
      168.15469068687915,
      87.04596486914255,
      130.86252328302402,
      136.88316185711082,
      95.85927185202274,
      80.22468448052632,
      90.0,
      80.22468448052632,
      55.749439459065414,
      38.0,
      55.7494394590654,
      145.79780519610026,
      138.2931668593933,
      80.60397012554654,
      92.89241088485109,
      50.91168824543142,
      0.0,
      50.911688245431414,
      72.0,
      124.65685741137182,
      100.4987562112089,
      80.82492128249133,
      91.67697584628826,
      117.66052864066182,
      131.95200680428877
    ],
    [
      190.25246384738358,
      102.61091559868278,
      141.69333082400175,
      131.24404748406687,
      87.61849119906141,
      127.25250314192043,
      131.04197800704932,
      113.80158366259904,
      88.03863040799494,
      82.29216244576394,
      104.84845995952665,
      194.65096968677037,
      189.0952141118331,
      131.24404748406687,
      139.12943613772032,
      72.0,
      50.911688245431414,
      0.0,
      50.91168824543143,
      159.04883418486148,
      138.4629914453678,
      114.22551529512332,
      114.22551529512333,
      138.4629914453678,
      159.04883418486142
    ],
    [
      150.05332385522155,
      148.24641648282767,
      189.70766985021982,
      182.03571078225283,
      138.2931668593933,
      150.69173832695674,
      162.0,
      150.69173832695674,
      125.04399225872469,
      110.0,
      125.04399225872467,
      188.83061192507955,
      198.56736892047493,
      144.55794685869054,
      130.86252328302402,
      50.91168824543142,
      72.0,
      50.91168824543143,
      0.0,
      131.95200680428883,
      117.66052864066182,
      91.67697584628826,
      80.82492128249133,
      100.4987562112089,
      124.65685741137176
    ],
    [
      59.70204309871195,
      201.28909070908375,
      243.07885755324395,
      258.59111342095804,
      219.77108770124943,
      141.42135623730954,
      166.67132956714266,
      176.16658082439523,
      162.82095749429237,
      136.86245686702796,
      124.40257232067191,
      87.41262522713458,
      132.0656397779828,
      113.90214822748662,
      56.33234603642839,
      87.48789941354528,
      124.65685741137182,
      159.04883418486148,
      131.95200680428883,
      0.0,
      26.000000000000018,
      45.03332099679082,
      52.000000000000014,
      45.03332099679082,
      26.00000000000001
    ],
    [
      82.80096617793781,
      175.37673733993344,
      217.0829334609241,
      233.0600780914655,
      194.80503073586164,
      116.501793549803,
      141.4213562373095,
      150.26420764666176,
      136.86245686702793,
      110.92339699089638,
      98.61373078999151,
      80.23091673413684,
      115.43396380615195,
      89.87213138676528,
      34.48187929913333,
      69.07966415668217,
      100.4987562112089,
      138.4629914453678,
      117.66052864066182,
      26.000000000000018,
      0.0,
      25.999999999999993,
      45.033320996790806,
      52.0,
      45.033320996790806
    ],
    [
      89.82018731799405,
      161.85395256684424,
      204.87720471201706,
      216.71325769253073,
      176.59747736196502,
      114.11106782710361,
      137.01338584357705,
      141.4213562373095,
      124.4025723206719,
      98.61373078999151,
      92.18099479091033,
      102.14221923818042,
      128.610523636412,
      91.54398193853963,
      47.672495110200515,
      43.472605813378486,
      80.82492128249133,
      114.22551529512332,
      91.67697584628826,
      45.03332099679082,
      25.999999999999993,
      0.0,
      26.000000000000004,
      45.033320996790806,
      51.999999999999964
    ],
    [
      77.38001066063211,
      177.19114526835213,
      220.87704500606156,
      228.3957881829462,
      186.47967452408787,
      137.46758090779747,
      159.1372611939797,
      160.86018774078315,
      141.4213562373095,
      116.501793549803,
      114.1110678271036,
      125.03212767485209,
      154.50782112900333,
      116.53454693421891,
      73.07986583206137,
      43.472605813378486,
      91.67697584628826,
      114.22551529512333,
      80.82492128249133,
      52.000000000000014,
      45.033320996790806,
      26.000000000000004,
      0.0,
      25.99999999999999,
      45.03332099679076
    ],
    [
      51.92301994298868,
      202.87188075236054,
      246.4731222669117,
      254.3953615929347,
      212.42645786248002,
      159.1372611939797,
      181.94504664870655,
      185.28716118414434,
      166.67132956714264,
      141.4213562373095,
      137.01338584357703,
      129.75746606650424,
      167.29913329123974,
      135.9301291105103,
      85.58621384311844,
      69.07966415668217,
      117.66052864066182,
      138.4629914453678,
      100.4987562112089,
      45.03332099679082,
      52.0,
      45.033320996790806,
      25.99999999999999,
      0.0,
      25.99999999999996
    ],
    [
      38.52705478180834,
      213.81603784208923,
      256.7086500088967,
      268.4573782563831,
      227.78790790862942,
      160.86018774078315,
      185.2871611841443,
      192.12148291994356,
      176.16658082439517,
      150.26420764666173,
      141.42135623730948,
      113.31799084478814,
      157.39546756488227,
      134.80986377426663,
      79.00210889569915,
      87.48789941354522,
      131.95200680428877,
      159.04883418486142,
      124.65685741137176,
      26.00000000000001,
      45.033320996790806,
      51.999999999999964,
      45.03332099679076,
      25.99999999999996,
      0.0
    ]
  ],
  "node_coordinates": {
    "C1_W0": [
      91.0,
      140.0
    ],
    "C1_W1": [
      60.0,
      171.0
    ],
    "C1_W2": [
      29.0,
      140.0
    ],
    "C1_W3": [
      59.99999999999999,
      109.0
    ],
    "C2_W0": [
      281.0,
      140.0
    ],
    "C2_W1": [
      240.0,
      181.0
    ],
    "C2_W2": [
      199.0,
      140.0
    ],
    "C2_W3": [
      240.0,
      99.0
    ],
    "C3_W0": [
      186.0,
      40.0
    ],
    "C3_W1": [
      150.0,
      76.0
    ],
    "C3_W2": [
      114.0,
      40.00000000000001
    ],
    "C3_W3": [
      150.0,
      4.0
    ],
    "DEPOT": [
      300.0,
      0.0
    ],
    "P1_W0": [
      172.5166604983954,
      153.0
    ],
    "P1_W1": [
      150.0,
      166.0
    ],
    "P1_W2": [
      127.48333950160459,
      153.0
    ],
    "P1_W3": [
      127.4833395016046,
      127.0
    ],
    "P1_W4": [
      150.0,
      114.0
    ],
    "P1_W5": [
      172.5166604983954,
      126.99999999999999
    ],
    "P2_W0": [
      272.5166604983954,
      53.0
    ],
    "P2_W1": [
      250.0,
      66.0
    ],
    "P2_W2": [
      227.4833395016046,
      53.0
    ],
    "P2_W3": [
      227.4833395016046,
      26.999999999999996
    ],
    "P2_W4": [
      250.0,
      14.0
    ],
    "P2_W5": [
      272.51666049839537,
      26.99999999999999
    ]
  },
  "node_ids": [
    "DEPOT",
    "C1_W0",
    "C1_W1",
    "C1_W2",
    "C1_W3",
    "P1_W0",
    "P1_W1",
    "P1_W2",
    "P1_W3",
    "P1_W4",
    "P1_W5",
    "C2_W0",
    "C2_W1",
    "C2_W2",
    "C2_W3",
    "C3_W0",
    "C3_W1",
    "C3_W2",
    "C3_W3",
    "P2_W0",
    "P2_W1",
    "P2_W2",
    "P2_W3",
    "P2_W4",
    "P2_W5"
  ],
  "problem_definition": "Hamiltonian cycle / symmetric TSP over DEPOT + 24 weld points using Euclidean distance only.",
  "proof_optimal": true,
  "selected_edges": [
    [
      "DEPOT",
      "P2_W4"
    ],
    [
      "DEPOT",
      "P2_W5"
    ],
    [
      "C1_W0",
      "C1_W3"
    ],
    [
      "C1_W0",
      "P1_W3"
    ],
    [
      "C1_W1",
      "C1_W2"
    ],
    [
      "C1_W1",
      "P1_W2"
    ],
    [
      "C1_W2",
      "C1_W3"
    ],
    [
      "P1_W0",
      "P1_W1"
    ],
    [
      "P1_W0",
      "P1_W5"
    ],
    [
      "P1_W1",
      "P1_W2"
    ],
    [
      "P1_W3",
      "P1_W4"
    ],
    [
      "P1_W4",
      "C3_W1"
    ],
    [
      "P1_W5",
      "C2_W2"
    ],
    [
      "C2_W0",
      "C2_W1"
    ],
    [
      "C2_W0",
      "C2_W3"
    ],
    [
      "C2_W1",
      "C2_W2"
    ],
    [
      "C2_W3",
      "P2_W1"
    ],
    [
      "C3_W0",
      "C3_W3"
    ],
    [
      "C3_W0",
      "P2_W2"
    ],
    [
      "C3_W1",
      "C3_W2"
    ],
    [
      "C3_W2",
      "C3_W3"
    ],
    [
      "P2_W0",
      "P2_W1"
    ],
    [
      "P2_W0",
      "P2_W5"
    ],
    [
      "P2_W2",
      "P2_W3"
    ],
    [
      "P2_W3",
      "P2_W4"
    ]
  ],
  "solver_backend": "ortools_mpsolver_local_venv_scip",
  "solver_status": "OPTIMAL",
  "subtour_rounds": [
    {
      "component_sizes": [
        21,
        4
      ],
      "round_index": 1,
      "selected_edge_count": 25
    },
    {
      "component_sizes": [
        22,
        3
      ],
      "round_index": 2,
      "selected_edge_count": 25
    },
    {
      "component_sizes": [
        25
      ],
      "round_index": 3,
      "selected_edge_count": 25
    }
  ],
  "total_euclidean_cycle_length": 1010.6847031230436,
  "weld_order": [
    "P2_W4",
    "P2_W3",
    "P2_W2",
    "C3_W0",
    "C3_W3",
    "C3_W2",
    "C3_W1",
    "P1_W4",
    "P1_W3",
    "C1_W0",
    "C1_W3",
    "C1_W2",
    "C1_W1",
    "P1_W2",
    "P1_W1",
    "P1_W0",
    "P1_W5",
    "C2_W2",
    "C2_W1",
    "C2_W0",
    "C2_W3",
    "P2_W1",
    "P2_W0",
    "P2_W5"
  ]
}